004
008
012
020
024
028
032
051
036
040
031
044
048
050
052
112
056
084
204
064
068
070
072
076
096
100
854
108
132
116
120
124
140
148
152
156
170
174
180
178
188
384
191
192
196
203
208
262
212
214
218
818
222
226
232
233
748
231
242
246
250
266
270
268
276
288
300
308
320
324
624
328
332
340
348
352
356
360
364
368
372
376
380
388
392
400
398
404
296
414
417
418
428
422
426
430
434
438
440
442
450
454
458
462
466
470
584
478
480
484
583
498
492
496
499
504
508
104
516
520
524
528
554
558
562
566
408
807
578
512
586
585
275
591
598
600
604
608
616
620
634
642
643
646
659
662
670
882
674
678
682
686
688
690
694
702
703
705
090
706
710
410
728
724
144
729
740
752
756
760
158
762
834
764
626
768
776
780
788
792
795
798
800
804
784
826
840
858
860
548
336
862
704
887
894
716
